"first.sensor","second.sensor","Psi"
20,21,7.89568243495377
19,21,10.2484486921979
18,21,8.08235730534132
17,21,19.3082516757644
16,21,6.92975624517062
15,21,33.6932384912358
14,21,6.89452279570648
13,21,10.0717354204835
12,21,7.07631362936234
11,21,6.44706853791752
10,21,5.97473153049028
9,21,7.17687573583926
8,21,12.3989313106883
7,21,8.42438994041246
6,21,8.24329191581383
21,20,7.89568243495377
19,20,26.4646298562314
18,20,4.11649466651115
17,20,19.6985858856069
16,20,7.09063178157282
15,20,34.2626703761926
14,20,1.72690552352812
13,20,4.46387070859192
12,20,1.83473800351379
11,20,3.1755633014201
10,20,2.54878622551281
9,20,1.95814114878086
8,20,3.06004786821918
7,20,8.82881183978782
6,20,14.9079434504018
21,19,10.2484486921979
20,19,26.4646298562314
18,19,27.1161350683976
17,19,20.7319358874451
16,19,29.0457241261819
15,19,31.2341306432066
14,19,20.9903201773361
13,19,29.7247946434289
12,19,20.4894801428864
11,19,13.2429307644138
10,19,16.0350197050153
9,19,18.502128184685
8,19,32.2656408101166
7,19,30.5111466576113
6,19,12.3864074895416
21,18,8.08235730534132
20,18,4.11649466651115
19,18,27.1161350683976
17,18,23.1753884880472
16,18,6.97497738105906
15,18,33.7593545322435
14,18,4.33175210331016
13,18,7.78891767361571
12,18,4.46052311817143
11,18,4.95856750130733
10,18,4.15162398779618
9,18,5.42580935887884
8,18,7.79775524830481
7,18,10.4478687506222
6,18,15.7556369927495
21,17,19.3082516757644
20,17,19.6985858856069
19,17,20.7319358874451
18,17,23.1753884880472
16,17,25.3117957414362
15,17,51.6044041936763
14,17,15.6957361437821
13,17,20.4215573050552
12,17,14.9178715054399
11,17,9.71745857285181
10,17,12.5759813946005
9,17,14.5457759376711
8,17,26.2022261137808
7,17,25.1022330445753
6,17,18.1307234958298
21,16,6.92975624517062
20,16,7.09063178157282
19,16,29.0457241261819
18,16,6.97497738105906
17,16,25.3117957414362
15,16,36.1044970119275
14,16,5.33447467411369
13,16,11.0911764083164
12,16,5.96090947648188
11,16,7.42281749740629
10,16,4.63821587922244
9,16,5.94940671347506
8,16,8.40028616221741
7,16,4.26551136211784
6,16,15.2102803815631
21,15,33.6932384912358
20,15,34.2626703761926
19,15,31.2341306432066
18,15,33.7593545322435
17,15,51.6044041936763
16,15,36.1044970119275
14,15,26.811755717206
13,15,43.3444405316481
12,15,27.3123603026887
11,15,30.1283978650521
10,15,20.1442278579874
9,15,28.4768706892428
8,15,44.4883292326143
7,15,41.0460735892381
6,15,35.4036219904357
21,14,6.89452279570648
20,14,1.72690552352812
19,14,20.9903201773361
18,14,4.33175210331016
17,14,15.6957361437821
16,14,5.33447467411369
15,14,26.811755717206
13,14,5.07313153716172
12,14,1.39300549496262
11,14,2.76520893159606
10,14,1.5875217506932
9,14,1.57375829411439
8,14,2.94621730284056
7,14,6.63960284047381
6,14,12.2596029603685
21,13,10.0717354204835
20,13,4.46387070859192
19,13,29.7247946434289
18,13,7.78891767361571
17,13,20.4215573050552
16,13,11.0911764083164
15,13,43.3444405316481
14,13,5.07313153716172
12,13,4.41896585274513
11,13,6.27318947556945
10,13,6.09466262315875
9,13,5.43256297663526
8,13,5.66198716563982
7,13,10.9381997196549
6,13,17.6151833338225
21,12,7.07631362936234
20,12,1.83473800351379
19,12,20.4894801428864
18,12,4.46052311817143
17,12,14.9178715054399
16,12,5.96090947648188
15,12,27.3123603026887
14,12,1.39300549496262
13,12,4.41896585274513
11,12,3.18455440841255
10,12,1.94086916130304
9,12,2.03430583811826
8,12,3.05353694194903
7,12,6.98578374960618
6,12,12.3876331720728
21,11,6.44706853791752
20,11,3.1755633014201
19,11,13.2429307644138
18,11,4.95856750130733
17,11,9.71745857285181
16,11,7.42281749740629
15,11,30.1283978650521
14,11,2.76520893159606
13,11,6.27318947556945
12,11,3.18455440841255
10,11,3.03923777719427
9,11,3.38783394290366
8,11,5.4236751960044
7,11,10.185199169226
6,11,10.472260038611
21,10,5.97473153049028
20,10,2.54878622551281
19,10,16.0350197050153
18,10,4.15162398779618
17,10,12.5759813946005
16,10,4.63821587922244
15,10,20.1442278579874
14,10,1.5875217506932
13,10,6.09466262315875
12,10,1.94086916130304
11,10,3.03923777719427
9,10,1.85615186361226
8,10,3.89444581643994
7,10,6.05180432326358
6,10,10.0818544199072
21,9,7.17687573583926
20,9,1.95814114878086
19,9,18.502128184685
18,9,5.42580935887884
17,9,14.5457759376711
16,9,5.94940671347506
15,9,28.4768706892428
14,9,1.57375829411439
13,9,5.43256297663526
12,9,2.03430583811826
11,9,3.38783394290366
10,9,1.85615186361226
8,9,2.75377320993697
7,9,6.68185896204497
6,9,11.5291147495688
21,8,12.3989313106883
20,8,3.06004786821918
19,8,32.2656408101166
18,8,7.79775524830481
17,8,26.2022261137808
16,8,8.40028616221741
15,8,44.4883292326143
14,8,2.94621730284056
13,8,5.66198716563982
12,8,3.05353694194903
11,8,5.4236751960044
10,8,3.89444581643994
9,8,2.75377320993697
7,8,9.21441438484171
6,8,21.3490393419337
21,7,8.42438994041246
20,7,8.82881183978782
19,7,30.5111466576113
18,7,10.4478687506222
17,7,25.1022330445753
16,7,4.26551136211784
15,7,41.0460735892381
14,7,6.63960284047381
13,7,10.9381997196549
12,7,6.98578374960618
11,7,10.185199169226
10,7,6.05180432326358
9,7,6.68185896204497
8,7,9.21441438484171
6,7,16.1784831901716
21,6,8.24329191581383
20,6,14.9079434504018
19,6,12.3864074895416
18,6,15.7556369927495
17,6,18.1307234958298
16,6,15.2102803815631
15,6,35.4036219904357
14,6,12.2596029603685
13,6,17.6151833338225
12,6,12.3876331720728
11,6,10.472260038611
10,6,10.0818544199072
9,6,11.5291147495688
8,6,21.3490393419337
7,6,16.1784831901716
